55020
788003
551027
751058
19131
19134
551010
551056
1125025
1152001
551046
551047
551050
551053
1178027
32022
441041
1125026
1180011
441068
465003
1095044
1178013
55005
55019
441074
551020
737021
1125033
376017
376018
376019
376020
441046
441063
441077
461036
461041
504045
504047
551019
551024
551044
551057
577013
1084015
1125023
1125024
1134024
1151022
1178025
1219034
19099
19132
55006
263013
441015
551002
551011
551021
551055
751038
1125002
1178026
1181028
55022
268015
388005
410026
432009
441050
441066
504019
546011
551035
1125028
1175022
1180018
1181022
1194004
22013
22033
410002
410023
441003
441013
450042
504058
551029
751025
756003
925034
1125027
1133026
1152002
1177027
1178007
1180012
1219001
02024
19028
22034
52016
108007
263015
268016
388016
410024
441027
441054
461025
465027
522004
622015
713007
713037
737020
1095039
1095040
1105007
1125008
1125018
1125029
1125030
1125034
1134023
1134030
1151017
1175002
1175033
1178023
1180013
1180020
1219004
1219036
02048
02086
38019
52004
55033
441037
441051
441052
441055
441060
441062
441082
446003
456020
456066
622016
710001
737034
920034
921001
1014012
1055076
1084025
1134022
1152003
1175001
1175010
1175035
1180006
1180015
1181048
1219002
1219011
1219038
1219039
02090
19122
52007
108004
108016
240016
263030
268018
441006
441023
441080
456041
456064
461029
465029
469012
476036
476042
503003
504018
504027
504030
504042
504049
522025
522027
528013
622019
726002
733007
737018
737035
737036
757005
757013
1055072
1058017
1084019
1125035
1133029
1151019
1151021
1151028
1152016
1152025
1175036
1177015
1177020
1219023
1219029
02087
02118
20050
40068
40086
52018
55007
108021
240013
366009
376010
410042
429020
429037
432006
441029
441032
441033
441034
441048
441057
441071
446021
456062
461033
465023
465026
476019
504012
504043
504044
522015
522026
522035
530035
710023
751011
757004
757016
927035
1084002
1084017
1105006
1109014
1125016
1125017
1134011
1151013
1151033
1152017
1152028
1152031
1152034
1175007
1175027
1175028
1178003
1178005
1178009
1181004
1218001
1219007
1219008
1219010
38028
40065
40066
52010
55034
55035
108001
108005
108011
108087
240018
376009
410005
410044
410055
429043
432055
446040
456013
456030
461022
469040
476007
476021
522007
522009
522012
522013
522019
530062
551014
551045
551060
577035
622006
622009
622027
622031
703003
713019
721017
725016
725022
737012
737027
751040
751057
756005
925035
927025
1055004
1074013
1074014
1084021
1113008
1125031
1125036
1133023
1151008
1151016
1151034
1152022
1152032
1177011
1177016
1178016
1178024
1180001
1180014
1182039
1194015
1194016
1218004
1219018
1219020
1219022
1219032
1219033
02163
3079
19130
20019
20037
32018
52008
52017
55016
55031
55059
108090
202030
253004
263014
278025
376012
410034
410041
410047
429035
441024
441067
441075
446010
456043
456053
456057
469005
469017
469026
469029
476037
479023
504028
522024
528034
530036
546017
551006
551025
551034
622011
622022
712004
721014
725004
725014
726007
737015
737016
737017
737019
737029
751003
751030
757007
757012
927016
927051
1074004
1074007
1074015
1084027
1095045
1103014
1113016
1151009
1151024
1151030
1152005
1152041
1175032
1180007
1180023
1181019
1194006
1219012
1219013
1219014
1219021
1219028
1219031
02064
02072
02081
20013
20015
20016
20027
22006
22006
38041
40037
40046
40051
40085
52006
52013
55028
59002
108079
108082
108085
144006
240017
262001
263017
354005
354008
366012
410045
429003
429045
432054
441047
441073
453005
461032
465005
465009
465014
469018
469024
476011
476015
479018
522010
522038
528021
528033
530032
530061
551017
551023
551036
551042
551054
710008
710025
713001
713018
713027
713035
717018
721005
725002
726003
726016
729021
737011
751036
920019
927030
927049
1084004
1084010
1084050
1113017
1125001
1125014
1125032
1125037
1131004
1134021
1151032
1152010
1152014
1152015
1152045
1175029
1175034
1177019
1180009
1180021
1182010
1219003
1219016
1219024
1219025
1219037
02030
02037
02069
02185
02185
3071
19065
19144
20046
22056
32001
40060
40061
40076
40082
52009
55017
55024
108010
108013
108019
108055
108067
108080
263004
263028
278004
354006
366019
376014
410016
410021
429001
429009
429011
429021
429036
432050
432056
441008
441019
441031
441032
441039
450001
456031
456065
461009
461014
461049
465013
465039
469014
503001
504040
504054
522003
522006
530063
551013
551015
551016
551048
622010
703010
710017
712002
713009
721001
721003
725007
725025
757009
920009
920025
920045
927047
1084001
1084003
1084009
1084023
1084038
1084046
1084054
1095046
1095047
1103013
1125006
1125013
1125039
1134025
1151001
1151007
1151037
1152007
1152018
1152040
1175003
1175013
1175023
1175031
1177006
1181052
1194023
1218009
1219015
02029
02151
19090
22007
22021
22095
22099
32006
32039
40042
108003
108020
108022
108054
108056
108060
108068
108071
108081
108088
108089
142005
263003
268019
354017
376004
410014
410017
429018
432031
432045
441022
441045
450003
450026
453001
456007
456012
456017
456049
456074
461008
465024
469001
476044
522023
528008
528028
528030
528031
551037
551038
622012
703007
710015
712020
713011
713036
713039
717014
721004
725013
725018
726012
729010
729034
737005
737009
737025
751049
751062
757003
788010
789028
920003
920016
920035
920048
921030
925027
925040
1055091
1058014
1058015
1059007
1084014
1084022
1084047
1084049
1084051
1113011
1125009
1125019
1125021
1134001
1152033
1177001
1177009
1178008
1178017
1181002
1181036
1181049
1194031
1200015
1200022
1218011
1218023
02014
02074
02143
02165
02166
3087
19039
19059
19133
20012
20018
22094
32037
32053
40063
40070
52012
55001
55014
55018
55026
108002
108006
108014
108072
404034
410010
429015
429034
429038
432058
441009
441021
446007
446026
450002
450040
450045
456068
461017
469037
476004
476020
476048
479036
479038
504066
522037
522045
526001
526004
526009
551003
551009
551026
551043
712005
713025
713033
717007
717008
721002
721011
721013
721016
721018
721020
725010
737010
737024
737038
751002
751032
751069
920011
920014
920021
925031
926008
927017
939008
939036
1059006
1084007
1084008
1084013
1084016
1084026
1084036
1084039
1084045
1095043
1113006
1113024
1113026
1113037
1125004
1131016
1134019
1151003
1152006
1152008
1152011
1152019
1152020
1175005
1175026
1175030
1177023
1178001
1181021
1194005
1194017
1194024
1200002
1218021
02013
02049
02149
3068
19005
19023
19069
19074
19078
20002
20051
22009
22087
32021
40039
40047
40084
40093
108009
108049
108051
142008
142018
144029
240015
253018
266001
268017
268020
354007
366006
366010
366017
388009
404004
404032
410001
410008
410011
410019
410036
410057
410060
429004
432013
432032
432036
446051
450047
453006
453012
456058
461011
461019
461026
465007
465043
468003
476006
476027
503006
504017
505004
522008
522030
530049
546026
622003
622020
703002
712025
713002
713014
721006
725011
726010
727035
733005
737033
751001
751005
789016
789019
789021
925012
925030
925033
925039
925041
925043
927001
927004
1055005
1059021
1084030
1084031
1084037
1113014
1125010
1125020
1125022
1131005
1151023
1152021
1178011
1180005
1181041
1194001
1194018
1200006
1213023
1219009
02091
02102
02112
02142
02155
3017
19007
19075
19107
20001
20036
22003
22047
22055
32005
55011
55013
55023
108059
202029
240011
240020
244016
244051
263005
354010
376006
376013
410025
410032
410040
410049
421001
421010
429016
429031
429033
429040
432012
432023
432043
432057
446053
450005
450012
453011
453014
456015
456042
456047
461018
461027
461028
465021
465022
469009
476010
479022
503008
504039
504062
522047
526017
528003
528006
530012
530015
551040
577025
622007
713004
713006
713013
713024
721009
725008
726017
727001
727005
737003
751027
752003
752011
757006
757014
788028
788033
920022
920049
921018
925004
925010
927044
939017
939019
939046
1055021
1055046
1059004
1084044
1095002
1095005
1095032
1131013
1131017
1133012
1133015
1133025
1133027
1134029
1151002
1151004
1151036
1152035
1175009
1175024
1177004
1178010
1178018
1180008
1200008
1218003
1219019
02016
02136
02164
02167
02180
3020
3044
3057
3067
3069
19008
19082
19114
19129
20025
22001
22054
22068
32032
32054
38018
40019
40031
40045
40054
40113
40120
52003
52015
55004
108012
108028
108073
142006
202005
240044
262013
263006
263023
278029
366037
376005
404033
410007
410053
410054
410056
421002
429039
432002
432033
441049
441061
446004
446043
450018
450038
450051
453008
453019
456002
461001
461007
465010
465028
468005
469021
476029
476030
476038
476045
503004
503005
503011
505003
522011
522014
522022
522034
528007
528015
528023
530007
530008
530016
530017
551012
551022
551033
551058
571005
577011
577023
577024
577037
710003
710014
710016
713015
713016
713020
717002
720002
721008
726013
727029
737007
737028
751006
751021
752002
752006
756001
757008
789001
920039
925015
926025
926029
927039
939011
939020
1059010
1084035
1084043
1103020
1113040
1125007
1131011
1131012
1151018
1152009
1152039
1175008
1175014
1175021
1177005
1177022
1178019
1181037
1182001
1194007
1213031
1218020
1219026
02083
02096
02109
02115
02124
02159
02174
02179
19003
19053
19079
19124
20026
22061
22074
22091
32036
32040
38004
40026
40038
40102
108008
108032
144025
202025
263022
366021
366032
366035
366036
376021
388003
404015
410022
410028
410051
410061
421006
429008
429023
429027
432047
432051
441044
441078
446025
446028
446037
450025
450027
450043
456009
456024
456056
456061
456069
456071
456072
456076
461023
461038
476033
476039
479004
502005
503002
504031
522028
526002
526006
526018
530045
530048
577001
577007
703001
710020
710021
712012
712023
713003
713020
713023
713028
713032
717004
717009
717015
721007
721012
725017
726015
726021
729017
733002
737013
737023
788012
789027
920006
921009
921021
925050
926021
939009
939012
1014017
1014042
1055003
1055036
1055075
1073049
1073051
1084022
1084032
1084034
1084041
1084048
1084052
1084053
1095038
1103029
1125005
1133031
1134031
1151005
1152027
1175011
1175012
1178002
1180002
1181051
1182035
1194002
1194030
1200003
1200005
1200009
1200012
1200021
1213004
1213021
1218026
1219030
02036
02038
02042
02047
02078
02137
02156
02157
02183
3051
3056
19095
19112
20024
22015
22019
22048
22063
22073
22084
32007
32009
32023
32043
32049
38001
40035
40040
40053
40055
40069
40072
40118
55012
55015
55030
108031
108040
142007
144024
240014
253001
253010
262016
263001
263027
268012
268014
278013
366008
366016
366022
366025
366039
376008
388008
404006
404027
410033
421008
432005
432025
432028
432042
441020
441038
441064
441079
446030
446044
446048
453003
453013
456006
456033
465012
469030
476049
497003
497004
503016
504001
505008
522039
522040
522041
522048
526007
526014
528004
528014
528020
528022
529002
529007
530024
530043
546001
546012
546016
551051
577005
577006
577012
622008
622021
622028
622033
710010
710022
710027
712029
713010
717011
717016
721010
726019
727002
737002
737004
737026
737031
751018
751072
751074
788005
788011
789003
789004
789005
789031
913001
920026
921029
925001
925042
927003
927033
927045
927052
1055002
1055048
1058005
1073050
1084006
1084012
1084020
1084029
1084033
1095021
1113019
1113027
1125003
1133017
1133030
1134018
1175004
1175020
1177002
1177007
1177026
1181044
1181045
1181046
1194011
1200013
1213010
1218006
1218008
1218013
1218014
1218030
1218031
02012
02018
02028
02035
02058
02085
02088
02147
02174
02181
3045
19057
19061
19073
19080
20035
20045
22008
22010
22018
22042
22049
22052
22060
22062
22081
22083
22093
32017
32034
32050
40010
40041
40079
55002
59005
108048
142001
142020
142023
144004
144014
202024
202032
202035
202036
240032
268013
278031
278032
366013
366020
376016
388006
404025
410059
421003
421004
432034
441025
441036
441081
446005
446033
446042
450016
450023
450030
450032
453020
456026
456028
456034
456038
461037
461040
465016
465019
465044
468010
468012
469007
469034
476005
479003
479025
479034
497010
503009
503012
504002
504053
505001
505007
522046
526005
526012
528043
529001
529028
530025
530044
530051
551005
551008
551049
577002
577004
577017
622001
622023
622035
706002
710006
710019
710026
712017
713005
717010
717013
720006
725021
726004
726006
726008
727024
727026
727027
727033
737006
737022
751022
751044
756006
757010
757017
920008
926035
927031
939010
939021
939029
939032
939040
1055080
1055096
1074016
1084005
1084018
1084024
1113009
1131025
1133011
1133018
1133024
1152038
1177029
1180004
1180017
1181001
1181006
1181009
1181015
1181026
1181033
1182011
1213001
1213007
1213026
1218017
1218025
1223001
02015
02065
02071
02077
02084
02101
02153
02168
02169
3040
3054
3063
3081
3086
19044
19086
19108
22004
22005
22026
22032
22041
22050
22053
22059
22070
22079
22085
22086
32012
32019
38037
38038
40033
40071
40088
40098
40116
40123
52002
59001
59007
108038
121905
142017
142019
144007
144021
144022
144023
144027
202026
202044
240006
240022
253005
262003
262017
263024
268027
278019
364002
366024
366033
404023
404028
410050
429017
429019
432035
432039
432041
432046
441011
441012
441083
446008
446036
450031
450046
450049
456029
456039
456063
461047
465018
465042
468007
468009
469010
476003
476016
476040
479005
479033
503013
503015
504006
504032
504038
522001
526013
526015
528017
528024
530011
530021
530026
530056
546006
551028
551039
577022
622004
622017
622034
710002
710007
710011
712014
712028
713017
713021
721022
725020
726014
726018
727018
727031
727034
729004
733019
751008
751013
751023
751053
751070
752004
757001
788020
920001
920037
920041
925003
927014
927028
1059008
1073017
1074002
1084028
1084040
1084042
1095004
1095033
1095037
1095041
1105008
1109012
1109023
1109026
1113004
1113028
1131003
1131019
1152029
1175016
1177018
1178014
1178022
1180003
1181007
1181011
1181013
1181024
1181038
1181047
1182034
1194012
1200017
1217004
1218015
1218029
1223003
1223004
926034 B
02041
02068
02121
02131
02144
02148
02160
02182
3066
19025
19034
19041
19062
19116
19136
20003
22025
22040
22044
22046
22051
22058
22069
22077
22078
22080
22082
22092
32048
32057
40016
40028
40032
40057
40075
40115
40119
55025
55029
108034
108042
144001
144003
144010
144012
144028
202010
202043
240021
244002
253003
263018
266003
278023
278035
346001
346018
354003
366007
366023
404007
404016
429030
429044
432024
432044
441059
446009
446029
446035
450007
450010
450024
450029
450037
456004
456010
456018
456054
456060
456075
461012
461042
461050
465008
468011
469035
476031
479026
479031
479043
497005
503017
504021
504048
505013
505014
505021
522031
526008
528036
528039
528041
529022
530018
530019
530031
530046
530047
546008
546014
577003
577010
577015
622029
622036
703004
706003
712010
712021
713029
726009
727010
727012
727022
727036
729035
729037
751004
751010
751029
751035
751045
751063
788018
788021
789024
789030
789032
920020
921015
925006
926013
926026
927023
927043
939006
939015
939022
1014018
1014048
1073022
1095001
1095015
1095023
1095027
1095042
1105009
1109022
1113031
1113036
1131002
1131009
1133014
1134017
1134033
1151011
1152036
1175019
1177021
1178004
1180019
1181016
1181017
1181029
1181034
1181043
1182002
1182009
1182036
1194008
1194026
1200014
1217002
1218019
1218025
1218027
02017
02025
02045
02119
02120
02140
02158
19077
19092
19102
20014
20047
22014
22020
22022
22024
22039
32035
32052
38003
38016
38025
38034
40058
40091
41035
52014
55021
59008
59010
108039
108069
144002
144005
144009
144017
144020
202002
202004
202033
202040
202041
240036
240037
244007
262010
278005
278036
404026
404030
410015
410020
410043
432008
432015
432018
432053
441043
441058
446012
446052
450011
450017
456045
456050
461004
465011
465030
469006
469008
469016
476009
476012
476025
476032
476043
479017
503014
504052
505015
522002
522020
522032
522033
526016
528038
528040
530033
530034
546023
551004
577014
577016
577034
622014
622037
622038
622039
710005
712003
712019
713030
713034
725009
725019
725024
727009
727013
727016
727039
729022
729029
737030
737032
751050
751054
752012
752014
788006
788014
789008
789009
789014
789017
920036
926014
926018
926033
927012
927027
927032
939005
939031
939043
1014007
1014041
1055043
1055069
1058022
1059017
1059018
1059020
1095003
1095006
1095016
1095026
1105011
1109013
1134016
1151010
1152004
1152044
1175017
1177008
1181027
1181031
1181032
1181042
1194003
1194019
1200010
1219035
1223005
02026
02098
02170
3027
3053
3085
3088
19009
19027
19054
19066
19068
19097
20004
20008
20052
22031
22038
22043
22076
22098
32024
32028
40001
40006
40011
40036
40089
40104
40121
52011
55010
59003
108078
142010
142024
142025
144011
144016
144019
202017
202038
240010
240033
244008
244010
244033
253002
263008
263009
263029
266002
278001
354004
354011
366001
376001
388011
410037
429029
432011
432040
441056
446011
446015
450006
450014
450021
456008
456019
461031
461046
465040
468006
469019
469028
476017
505005
505006
505012
505020
528027
529003
529012
529019
529023
530004
530010
530014
530040
546015
546021
577019
577020
577028
703008
710004
713008
727008
727015
727017
729001
729007
729014
729032
729038
733014
737008
751028
751046
751056
751065
752007
752008
788004
788023
920040
920042
920043
920050
921002
925008
926006
926009
926010
926024
926036
927009
927019
939028
1014026
1014027
1055007
1055008
1055009
1055037
1058006
1059001
1073033
1074017
1095012
1103026
1113007
1113020
1113032
1113038
1113041
1113043
1131010
1131022
1134015
1152013
1152026
1177017
1180022
1181023
1181035
1182003
1182005
1182007
1182033
1194021
1200016
1213005
1218018
02001
02031
02039
02059
02060
02099
02111
02134
02154
02173
02176
3047
19014
19067
19139
20010
20030
22066
32031
32055
32056
38026
40023
40074
40080
40100
40107
52001
55003
59004
59009
59011
108025
108075
108086
142014
142021
144033
202001
202007
202009
202023
202027
202028
202034
202046
240019
244015
244035
253016
262011
262012
268011
346002
346007
354001
354014
366002
366011
404008
404013
404017
404029
410029
421007
429006
429007
432003
432004
432026
432027
446006
446031
446034
446050
450004
456016
456023
456048
456051
461003
461034
461035
461044
469015
469028
476024
479030
479035
503018
504057
504061
504064
505019
528001
528032
528035
529010
529015
530001
530003
530013
546024
577021
577031
622018
703009
706001
712007
726001
727011
729017
751014
752015
757015
788007
788025
788031
788032
789015
921020
926001
927024
927036
927037
927042
927046
939001
939042
1014015
1014037
1014057
1052002
1055028
1055058
1055063
1055082
1055086
1058001
1058009
1058021
1058023
1059011
1059013
1059016
1074003
1095018
1095024
1103027
1105003
1105004
1113002
1113003
1113010
1113015
1133006
1133007
1133016
1134028
1177028
1178021
1181012
1182019
1182042
1213013
1218016
1223006
02007
02010
02052
02093
02094
02104
02107
02175
02187
02188
3003
3008
3037
3062
19056
19081
19083
19091
19120
22002
22030
22064
22065
25309
32014
32042
38023
40015
40052
40056
40087
59006
108023
108050
142002
144018
144030
144031
202014
240027
244025
263019
266010
268023
268026
278002
366015
366034
404010
410009
410027
410038
421009
429012
432014
432052
446014
446024
446039
450014
450033
461039
461048
465025
468008
476013
479002
479016
497007
504034
504065
505016
505022
522029
526010
528025
528037
529006
529009
529013
529027
530054
546002
546003
551041
577027
622032
710028
712001
712006
725015
727003
727008
727020
733015
733018
733020
752009
788009
788022
789006
789007
920013
920028
920047
921017
921025
925007
925016
925022
925047
926017
926023
927015
927026
927048
939002
939016
939024
1055012
1055030
1055049
1058004
1058011
1073016
1073020
1073030
1073043
1095020
1095025
1095034
1105002
1109020
1113005
1113039
1125012
1133010
1134014
1175006
1181039
1181040
1182040
1213006
1213015
1213024
02003
02004
02009
02117
02150
02171
3015
19016
19026
19035
19093
19118
22012
22023
22035
22057
32026
32038
32045
40003
40021
40083
40105
40109
40114
40117
40124
40126
55032
108026
108070
144015
202019
202037
202047
240030
244006
262015
262018
263025
268001
268004
278018
278028
366004
366038
376011
388012
404011
404021
410012
410030
410031
429013
429022
432016
432017
432020
432049
441007
446023
450013
453004
461043
465034
469004
469025
479009
479010
497001
497002
497006
497011
502009
502015
502016
502017
504013
507059
522043
528042
529005
530002
530022
530028
530042
546004
551007
551031
577036
622005
712011
712015
712027
725006
729005
729015
733011
751012
751073
789002
789025
920046
925018
925024
925029
925046
927018
927038
939041
1014030
1014040
1055062
1058008
1059002
1059014
1059019
1073010
1103003
1103018
1131001
1131008
1131021
1134020
1151029
1152012
1152030
1177014
1182004
1194037
1194041
1200004
1213014
1213020
1213029
02008
02033
02100
3014
3035
3036
3039
19001
19013
19031
19058
19063
19064
19071
19094
19101
19103
19105
19111
19113
19137
20011
22045
32033
38010
38021
38042
40013
40077
40090
40096
40110
55027
108052
142004
142009
142022
144008
202011
202039
240001
244012
244029
244039
253008
262004
278003
354009
366018
404009
404022
404031
410018
410046
429024
432007
432019
432048
453017
456011
461002
461005
465017
465031
468014
469031
476046
479015
479019
497008
502003
504029
504046
522036
529016
529017
530029
530037
530055
551061
577018
712009
712024
721021
721023
727004
727025
729033
733017
737037
751031
751041
751048
788017
788027
920010
920017
920029
920051
921005
921014
926002
926012
926016
939018
1014006
1014016
1014051
1052001
1055010
1058018
1073002
1073031
1073032
1073048
1103032
1109005
1113021
1113044
1131006
1133002
1134012
1175015
1180016
1181025
1182026
1182029
1194014
1223002
02034
02116
02126
02178
3012
3021
3031
3050
3058
3061
19055
19060
19115
19121
19143
20022
20031
20039
22028
22075
22096
38009
38015
38029
40029
40044
40048
40059
40099
108018
108024
108030
108036
108045
108062
202003
202018
202045
240002
244011
244047
346004
366005
366026
366028
366030
376002
404005
404014
432001
441001
446018
446019
450020
450034
456036
461021
469011
479013
479039
479041
504051
504060
522018
526011
529020
529021
529025
530039
530041
530058
530060
546005
577038
710024
721015
729003
729006
729009
729013
729016
729026
729042
737001
751071
752018
788029
920004
920032
921010
926007
926028
927029
927041
939003
939014
939026
939027
939039
1014045
1014050
1055019
1055026
1055045
1055047
1058013
1058026
1073019
1073035
1073041
1073052
1095008
1095010
1095029
1103009
1109004
1113035
1133021
1133033
1133035
1134004
1134035
1177010
1181003
1181005
1181008
1181014
1194028
1194042
1200007
1213011
1218010
1218028
1219017
926034 A
02023
02044
02057
02097
02113
02114
3023
3034
19012
19032
19047
20033
20034
32004
32020
32030
32047
38005
38033
38043
40008
40101
40125
108017
108037
142012
202008
202031
244030
253015
262006
268009
278015
346003
366003
366027
404019
410006
429014
429028
429032
446002
446016
446038
456021
461015
461045
465032
469003
502012
504015
504035
505011
528010
530057
546013
546020
712013
727023
729019
729025
729031
733004
788008
788016
921026
926004
926011
927010
927013
927050
927053
939004
939025
939047
1014001
1014014
1014039
1055029
1055056
1055090
1055092
1058007
1058016
1059003
1059012
1073029
1073045
1074005
1095014
1109019
1109033
1113018
1113023
1113030
1113042
1131023
1133009
1133013
1134006
1177025
1181030
1194027
1194038
1194043
1200019
1213022
02021
02066
02080
02082
02123
02135
02139
02172
3064
19017
19018
19042
20023
20048
32025
38013
38020
38035
108053
108061
108063
142011
202006
202016
244001
244009
244026
244028
262008
266008
278037
346017
366014
388004
404001
404018
429002
429026
453016
461016
476014
476028
479001
502002
502004
502010
504023
504024
504056
505010
522042
528011
528018
530009
546009
546018
551052
571002
710013
713022
717006
729040
729041
751067
752010
752016
752017
788013
788024
788034
789023
925013
925036
925044
925051
927005
927008
939035
939045
1055041
1055044
1055078
1058019
1073015
1073026
1103005
1103028
1109002
1109015
1113029
1133005
1134008
1151025
1151027
1177013
1181050
1182017
1182018
1213016
02006
02020
02027
02040
02053
02089
02138
3019
3032
3033
3077
19036
19046
19084
19100
19109
19123
19127
19140
20006
20007
20038
22011
22072
32013
38006
40005
40024
40097
142013
142015
142016
202012
202021
240041
244048
253011
263007
266013
278017
278024
278027
278030
278034
346008
364001
364003
366031
404012
410004
432038
446017
450039
450041
456027
456035
456067
465036
479014
504004
504007
504033
529008
530006
577008
577030
703005
729030
751034
751059
920027
921007
921016
925038
926019
927021
927034
939038
1055038
1055074
1055083
1058012
1058025
1074018
1095011
1095013
1095017
1095019
1095030
1095036
1103001
1103007
1109011
1109027
1131007
1131024
1134013
1177012
1182014
1182016
1182023
1182025
1182037
1194020
1194022
1213002
1213028
02019
02177
3011
3042
3043
19015
19088
19098
32015
38024
38032
108033
144026
144032
202020
240029
240035
244037
244049
253007
266007
266016
268006
278008
278014
346010
388013
404003
432021
441002
441017
441042
446027
450035
450050
453018
456005
465033
468002
469032
476034
479024
504003
504067
505017
522016
528016
528044
529026
530005
622030
727007
727028
727032
751037
788002
788030
925020
1014011
1014038
1014055
1055050
1073007
1103033
1109029
1133003
1133008
1133020
1151014
1178006
1194013
1200011
1213012
02054
02095
02125
02129
3006
3007
3013
3029
3030
19037
19117
19126
19141
22029
22067
32003
40049
40067
142003
240012
240028
240042
244022
244034
244054
262009
263020
266009
266017
266021
268007
346006
410003
429005
441026
446047
450022
456037
461024
476035
476050
479012
504008
504014
522044
526003
712022
717003
726011
729023
729024
733009
751066
789013
925021
939023
939030
1014013
1055017
1055039
1055079
1073018
1073039
1095022
1103019
1103031
1109006
1133004
1134005
1194039
1213027
1219006
02032
02127
02141
3024
3041
3082
19048
19096
19135
22097
32002
32011
32046
38007
38027
38030
40014
40112
108064
144034
240008
244005
244017
244024
244031
244040
244043
244052
253014
266011
266014
266018
268008
346014
432010
446049
468013
479020
528005
530052
546019
712008
717017
727021
751015
751020
751061
788015
788019
788026
789026
920038
921006
921008
921011
921022
921024
925025
925049
927022
939033
1014005
1014023
1014052
1055032
1055034
1055035
1055042
1055068
1055087
1055088
1059005
1073023
1073040
1103030
1105005
1109016
1109030
1113013
1133019
1181018
1182012
1182043
1182044
1194035
1200023
1213018
1213030
1218007
1218012
02130
3018
3055
20020
32044
32051
40095
40108
40406
202015
202022
240046
240048
244003
244027
244032
262007
263026
404024
465038
468004
504036
522021
546025
571003
571008
577026
712030
729011
729020
733010
920023
921012
925011
1055018
1055053
1055065
1055095
1059015
1073001
1073003
1073013
1073021
1073025
1073047
1095028
1103006
1103010
1103022
1103025
1105001
1182030
1194036
1194040
02050
02079
02122
02146
02162
3038
3083
19006
19125
19128
19138
22027
22037
22071
22088
32010
32027
32029
40004
40020
40078
40111
52005
240050
244020
244023
244041
244042
263002
263011
263021
266012
278026
346005
346009
346011
346012
346015
346019
346023
354002
354016
366029
388010
421012
429025
429041
432022
432037
446020
446054
450015
453015
456001
461013
479008
504010
504037
505009
522017
703006
703011
713038
727019
727038
729028
751051
789012
920005
920033
921013
925017
925026
925028
926031
939007
939044
1014019
1014021
1014024
1014031
1014047
1014054
1055015
1055040
1055052
1055061
1055070
1058002
1058003
1073014
1073028
1103017
1105010
1105012
1109008
1109010
1113034
1133001
1134002
1134034
1134036
1152037
1182006
1182020
1182021
1182024
1182027
1182028
1182031
1182038
1182041
1194033
1213019
02043
02076
02132
3049
3078
19030
19050
32008
38036
38040
40103
240043
240045
253006
253012
278012
404020
441010
468015
479006
497009
503007
528012
546010
546022
577032
577033
710012
751007
751009
789010
920007
920030
1073024
1073027
1109001
1113022
02061
02070
02105
02152
3002
3048
3074
19002
19011
19020
19085
19142
20044
38039
40002
40017
40018
40034
108043
240005
240024
240040
404002
441030
446001
469013
469038
479011
503010
504005
726005
727014
789022
921023
921033
925014
926005
1055054
1073005
1073006
1073008
1073011
1109017
1134032
1151006
1151020
1177030
1213008
02075
02110
02145
3059
3075
3089
19051
19106
20041
240039
240051
244014
266005
268024
278007
278020
479029
502014
504011
504020
530030
622024
727030
729039
751068
789011
921004
925023
927002
927007
1055014
1074011
1109032
1113012
1113033
1177003
1200001
02056
3005
3025
3080
19089
20040
38014
38031
40073
244021
244053
456052
469023
476001
504016
528029
751042
788001
921028
925002
927011
1014002
1014032
1014036
1014056
1055024
1055064
1073004
1109021
1109024
1109031
1182013
1200020
02062
02133
02161
19019
19022
19038
19049
22089
22090
240049
244013
244036
268002
278010
346016
453002
476008
479037
528009
717005
751060
920015
925009
926020
1014053
1055023
1055025
1055051
1055077
1055097
1073012
1074006
1074012
1103011
1151031
1182008
02092
19070
20053
40009
202042
240023
244018
266020
268005
268010
469039
476018
479021
479028
479042
504026
577029
756002
925019
1014033
1055022
1055089
1073009
1073044
1074009
1074010
1095031
1103015
1109009
1131018
02108
3090
19040
20029
22016
38022
240026
240047
244045
244050
262002
262014
266024
456014
476022
479040
529004
571006
622026
727006
729027
751043
751052
921027
927040
939034
1103022
1109018
1133028
1134010
3001
3022
19045
19087
38011
40027
40030
202013
240025
263016
266019
388002
465001
571007
622002
712026
725003
727037
789029
1014003
1014020
1014049
1055057
1073042
1151035
02022
3052
3065
22036
38008
224004
244019
244038
465015
504055
751017
751047
925048
1014025
1014034
1055033
1073034
1073037
1074008
1103002
1103034
1213003
19033
20032
20043
40092
40122
240052
450009
469002
476041
504025
571001
925037
925045
1014010
1014028
1014029
1113025
1131020
1151012
1200018